COUNT_ARRAYS = 5
UNIFORM_DISTRIBUTION 0 100
Size = 30
25 84 98 97 79 68 79 16 21 86 43 38 31 68 15 17 39 12 18 86 16 5 56 79 19 55 29 61 16 81 
88 70 5 2 61 90 57 7 70 4 60 84 35 84 80 93 26 52 25 24 2 22 30 64 66 27 84 31 45 6 
87 13 26 21 97 22 79 61 38 28 16 12 34 97 39 29 45 84 53 29 18 26 25 8 91 51 83 48 29 34 
20 59 95 15 71 40 89 24 96 18 10 11 80 49 69 17 90 38 34 34 9 86 25 51 31 79 72 36 1 64 
73 32 49 95 90 39 10 3 16 25 56 66 79 34 31 96 8 95 96 42 98 97 39 29 57 58 50 48 70 42 

Size = 50
22 69 35 60 20 74 61 7 73 84 26 54 91 24 65 12 38 71 69 16 31 52 19 0 83 60 44 46 13 60 48 23 5 17 74 52 16 14 94 77 20 78 91 94 14 27 40 30 3 99 
36 91 61 19 43 36 12 29 33 36 65 72 40 38 15 58 21 84 94 64 3 9 64 39 81 23 28 49 87 12 31 30 8 97 51 90 33 31 26 79 13 59 67 65 96 22 99 7 28 15 
74 28 41 54 16 75 29 73 70 83 53 92 46 16 11 66 30 43 78 42 4 13 18 81 5 83 6 62 57 56 42 58 3 91 60 21 98 78 40 82 55 96 14 2 78 40 93 71 36 47 
15 26 8 39 81 5 94 8 20 11 83 16 76 16 27 27 33 2 28 91 10 53 4 51 74 28 11 70 68 48 22 64 79 47 42 37 36 54 73 16 60 23 7 2 23 45 0 39 43 17 
13 6 12 65 83 31 49 1 43 43 31 18 83 2 12 75 47 18 76 86 45 31 88 53 13 46 65 93 38 66 42 34 77 84 95 75 19 99 30 15 81 65 68 26 50 99 91 62 14 12 

Size = 90
49 75 0 88 65 81 57 39 20 9 89 17 11 20 18 55 96 76 90 94 94 79 94 74 44 3 31 93 2 62 71 33 54 82 0 14 27 97 35 55 93 58 25 16 70 10 19 59 22 36 49 92 75 28 9 2 80 48 80 52 29 82 19 92 2 13 77 29 89 40 28 57 39 90 45 67 72 5 29 7 14 29 34 64 79 80 19 17 0 9 
98 12 17 72 32 69 5 27 11 55 31 32 51 51 64 11 43 93 41 73 46 33 32 43 20 77 82 98 27 16 33 14 9 71 85 77 89 96 26 14 42 14 4 75 16 20 34 12 93 34 57 53 41 89 39 98 78 44 69 40 29 97 65 71 47 89 17 9 59 27 6 1 95 10 37 47 32 13 53 92 87 83 0 28 74 95 30 29 1 78 
17 50 10 74 66 25 20 69 87 35 16 54 45 88 60 12 68 27 31 45 27 43 82 54 6 90 39 92 34 88 45 95 61 26 10 6 80 16 20 31 34 49 11 13 99 85 90 99 43 20 8 95 37 91 45 48 90 33 50 87 86 77 1 11 40 56 81 44 31 90 1 60 7 48 62 16 37 67 23 71 96 82 42 54 68 62 23 41 65 86 
77 28 72 26 88 4 81 62 52 58 14 7 3 8 5 92 79 27 30 54 56 16 71 76 38 71 64 23 2 68 29 99 86 82 93 55 23 30 23 58 90 41 80 80 72 20 28 99 28 54 54 64 49 40 16 80 33 66 92 52 30 93 48 56 34 63 47 42 61 74 82 91 83 72 17 31 76 99 84 48 94 3 55 51 16 30 82 36 56 57 
75 66 12 2 20 38 80 83 89 11 3 3 32 42 19 78 36 32 55 16 84 55 56 94 48 24 39 37 31 39 93 0 54 55 54 2 62 85 55 98 22 20 43 46 78 51 68 45 68 98 75 27 18 97 32 92 22 20 36 55 9 48 99 79 84 19 59 31 84 74 52 42 32 67 96 21 92 5 58 38 70 28 93 98 14 46 84 6 1 23 

Size = 60
70 52 38 11 91 94 52 68 62 31 48 38 91 14 43 6 36 57 57 81 38 37 39 92 72 99 59 69 63 45 4 84 37 83 41 35 15 60 73 88 65 50 19 69 69 97 14 15 14 62 87 72 42 68 95 35 57 65 9 44 
95 30 20 61 42 70 65 0 7 47 58 47 61 43 99 37 12 68 31 2 87 71 55 69 92 19 71 77 10 89 65 50 91 80 5 77 1 24 72 26 9 73 46 4 42 81 75 1 90 37 86 23 49 36 2 79 51 28 40 51 
72 45 99 45 90 51 94 43 97 86 67 48 31 28 63 92 10 31 69 48 26 45 16 70 49 2 74 97 42 76 97 89 42 80 41 89 6 81 5 18 73 78 45 4 74 70 40 21 81 12 15 4 77 68 41 83 99 60 72 53 
38 31 26 45 52 64 19 28 3 19 88 85 45 37 10 96 28 79 52 95 58 96 88 47 1 47 97 66 40 51 61 41 47 63 19 57 25 17 27 74 93 39 54 18 71 18 40 27 20 94 30 29 17 67 86 28 52 1 26 30 
48 1 22 41 26 86 64 11 91 52 25 92 97 63 10 75 22 78 1 41 34 87 18 84 15 94 65 41 52 67 50 82 30 3 3 60 15 13 51 84 42 58 95 7 15 50 97 70 91 95 38 25 33 82 11 87 17 1 54 6 

UNIFORM_DISTRIBUTION 0 100
Size = 30
78 30 93 20 15 7 81 66 56 32 16 51 19 45 40 60 65 88 56 51 29 30 26 31 75 21 23 65 39 54 
99 3 21 97 61 10 55 1 65 79 15 94 10 92 38 75 69 83 80 56 14 41 41 61 63 77 5 22 58 9 
49 88 25 2 35 55 85 90 58 9 8 11 73 10 7 1 69 25 61 62 1 2 56 80 63 32 45 96 2 40 
94 36 69 6 30 18 20 21 56 44 61 58 39 1 63 18 29 28 13 59 63 45 47 74 90 96 78 97 49 0 
53 36 18 27 88 45 38 85 7 72 23 32 57 37 28 36 0 42 28 59 27 71 92 4 15 66 98 69 71 11 

Size = 50
28 48 27 66 56 42 57 90 86 86 69 51 87 54 66 74 71 1 73 20 36 80 17 96 98 65 64 95 37 53 79 5 54 44 52 65 41 45 54 70 15 93 40 2 41 51 66 43 87 65 
9 66 61 40 82 16 2 79 42 82 73 1 85 98 58 81 91 28 77 73 80 23 64 44 46 35 92 35 76 41 60 92 4 2 85 14 35 44 74 90 55 66 86 29 34 12 3 74 69 36 
96 72 77 56 92 75 12 90 50 66 9 46 10 59 67 87 28 6 54 65 57 33 56 31 59 62 33 64 84 15 67 53 80 16 53 40 42 25 41 17 2 9 69 77 91 97 2 98 44 97 
11 62 40 58 89 64 12 20 61 34 72 72 42 59 71 24 80 53 53 94 51 66 20 78 92 37 60 72 55 17 22 24 30 40 59 49 11 81 8 81 42 51 18 9 39 53 43 32 99 44 
59 70 36 96 91 37 68 36 81 40 18 8 79 94 38 61 61 16 1 51 36 29 79 84 90 59 86 99 58 3 77 34 60 80 49 6 12 1 2 85 40 43 10 11 73 4 1 22 61 90 

Size = 90
60 99 86 37 93 2 56 70 9 50 49 58 2 96 14 13 72 77 21 58 66 16 87 62 85 89 39 39 45 12 74 41 15 61 2 49 49 26 73 10 86 28 23 44 13 98 42 80 9 14 55 93 29 43 59 86 30 53 1 96 1 9 85 67 33 72 33 89 43 78 34 9 3 33 74 92 9 65 50 46 36 83 77 12 53 9 12 57 75 0 
71 43 16 86 19 85 37 97 82 90 9 20 69 92 96 28 41 6 57 72 81 72 65 67 89 82 8 3 78 53 97 71 94 18 62 22 13 63 44 36 19 9 34 68 64 1 54 9 5 60 80 0 72 74 99 14 33 80 7 60 27 28 52 43 92 13 39 6 3 62 7 5 30 88 39 27 65 90 97 38 24 62 8 57 4 5 71 2 39 80 
7 39 30 76 7 13 53 10 28 94 82 16 83 97 99 35 74 33 62 97 51 55 97 14 79 16 26 46 3 21 30 64 30 24 79 84 82 67 33 29 58 97 74 43 8 24 3 98 79 72 46 66 90 77 68 72 2 40 42 12 32 25 26 30 22 92 64 65 75 27 96 27 26 5 62 32 20 0 39 79 33 82 62 17 25 37 52 13 60 70 
32 94 67 45 72 71 32 87 49 92 48 36 42 8 21 31 48 70 72 25 47 24 40 66 62 8 8 12 76 70 43 75 66 78 58 48 47 5 28 81 24 71 82 93 53 5 88 55 74 95 80 30 80 81 98 74 30 42 98 10 42 33 70 80 8 89 37 22 5 69 64 62 64 70 4 18 98 32 57 53 28 74 81 45 60 51 65 96 97 61 
55 75 37 2 62 45 13 27 13 29 33 41 96 10 92 41 39 5 59 49 60 90 89 55 11 71 15 48 39 7 70 39 45 61 24 29 86 68 94 37 8 57 99 51 15 63 41 18 17 39 5 95 92 4 8 29 78 79 46 0 96 31 53 97 26 64 9 84 20 18 98 84 23 49 35 65 63 36 5 2 82 10 21 1 41 94 32 7 90 13 

Size = 60
29 25 63 87 33 66 31 35 92 35 25 19 87 51 4 19 90 72 50 22 68 70 9 77 63 88 24 7 12 65 84 32 47 7 10 30 72 89 39 38 6 57 1 30 54 42 24 66 73 58 55 15 68 35 5 49 22 96 68 11 
72 62 29 25 59 10 59 83 69 16 97 77 77 42 77 15 12 82 62 74 78 51 18 48 38 75 19 85 20 40 98 18 13 86 88 71 87 10 81 27 29 32 21 19 53 99 27 44 32 51 20 22 70 67 95 75 11 54 10 57 
38 26 41 18 3 54 91 71 86 8 5 11 55 20 62 57 13 6 10 35 6 47 68 25 95 41 1 72 39 22 14 83 64 80 96 16 90 92 22 96 29 10 25 69 34 29 96 3 58 39 90 13 49 67 85 95 99 69 25 31 
40 62 28 22 95 16 58 8 84 48 43 57 88 97 63 94 13 56 36 42 29 43 1 25 18 29 28 13 44 6 3 28 25 95 47 23 54 92 58 62 45 8 64 86 63 95 72 79 82 63 82 92 89 87 83 68 80 76 42 83 
0 28 73 93 27 98 25 0 36 17 26 93 63 76 14 64 62 19 66 88 79 45 74 36 86 4 50 25 27 66 57 8 39 32 74 93 9 62 23 64 4 78 70 88 33 30 17 44 46 98 74 83 25 2 16 78 41 76 56 25 

UNIFORM_DISTRIBUTION 0 N-1
Size = 30
15 8 26 0 7 19 15 16 25 16 7 6 11 6 15 14 13 9 24 20 16 8 1 12 18 0 18 2 2 24 
5 4 9 16 16 26 14 10 11 26 2 14 21 3 23 15 0 23 17 20 3 21 3 10 5 5 25 7 5 16 
0 12 0 9 6 16 13 8 16 25 27 23 19 15 2 28 20 26 24 26 14 0 21 16 23 23 22 8 2 4 
25 21 27 16 12 27 19 17 17 21 11 22 20 7 21 26 16 2 23 17 5 15 15 11 13 5 8 9 14 9 
9 1 2 18 28 4 10 11 26 0 21 9 6 18 21 17 19 3 6 21 28 12 12 12 23 12 13 23 24 23 

Size = 50
12 0 42 44 26 42 46 13 0 6 1 20 21 14 36 1 27 10 16 9 29 21 40 23 39 18 41 38 40 34 6 41 6 27 28 9 3 22 1 18 25 36 12 47 39 3 44 6 32 9 
44 42 18 7 6 4 5 36 43 39 2 39 6 23 20 10 19 23 42 34 20 28 13 4 11 33 17 43 3 5 5 33 21 6 22 8 14 37 36 23 33 19 8 36 45 3 0 27 48 17 
25 34 36 38 39 22 21 25 41 46 33 8 40 39 36 3 1 21 22 21 45 48 21 19 38 22 40 42 28 42 45 15 10 38 26 5 29 5 1 4 46 17 15 19 18 34 22 39 3 21 
35 5 47 43 44 23 35 19 11 11 12 29 22 17 27 41 14 27 41 25 15 20 36 4 46 8 28 33 19 5 21 6 28 22 8 13 28 28 2 30 38 23 35 32 19 11 0 12 45 31 
4 36 30 2 47 4 20 10 0 28 7 7 9 29 41 2 20 5 0 48 44 47 31 28 35 0 21 26 40 40 17 5 19 43 24 44 0 18 5 2 5 17 31 5 30 22 21 6 26 17 

Size = 90
59 56 26 6 82 85 66 37 33 3 79 74 13 83 26 47 48 40 10 21 18 17 80 47 60 2 64 71 73 27 41 57 40 22 45 86 28 38 2 22 83 24 62 21 4 65 72 6 69 78 14 62 36 10 7 72 65 24 78 43 37 55 79 35 22 31 75 73 49 74 57 36 44 81 0 24 51 27 45 66 66 61 25 46 0 87 82 54 47 12 
7 65 15 76 69 63 15 57 20 0 6 83 16 30 87 51 33 88 58 2 87 13 50 6 74 44 48 41 33 7 75 54 29 65 13 49 54 61 1 37 13 38 70 24 41 32 57 20 64 13 18 58 5 24 64 65 78 7 25 37 85 81 47 12 19 28 16 27 63 6 40 38 72 40 24 37 60 42 47 21 10 5 19 60 86 36 62 51 72 35 
18 41 3 34 41 26 27 44 16 20 48 51 35 17 33 45 76 2 21 31 62 2 81 16 34 25 7 1 71 26 73 29 15 33 77 55 60 34 24 54 6 52 56 34 5 62 5 50 28 11 48 13 67 65 15 10 54 13 47 52 6 14 38 6 71 28 54 81 19 20 81 4 13 29 30 83 38 4 8 24 70 49 83 28 60 76 55 77 3 43 
37 80 33 74 66 17 17 49 10 40 16 27 41 14 77 65 37 76 55 34 67 15 74 79 61 13 86 7 78 80 76 8 54 37 33 13 56 35 6 38 5 2 62 7 14 11 61 88 73 10 16 37 86 24 42 56 18 61 4 34 82 6 50 13 55 56 82 68 37 0 65 27 72 11 38 85 43 17 38 75 20 75 75 69 23 25 1 11 14 75 
76 42 32 52 47 82 53 79 16 28 26 66 64 47 69 62 20 68 31 87 8 2 65 80 39 47 47 74 73 12 0 14 0 22 76 52 54 26 22 18 44 20 32 65 88 73 57 42 8 50 15 2 44 76 54 42 29 60 5 25 26 53 7 57 39 12 9 10 76 35 21 3 52 60 79 63 22 53 40 47 67 86 15 64 19 8 74 42 18 21 

Size = 60
2 13 24 21 50 23 54 38 47 18 10 30 12 19 2 28 37 47 48 37 56 44 22 9 48 33 19 51 52 55 0 9 29 26 1 28 48 33 35 0 39 55 29 32 6 7 6 58 7 39 40 42 36 31 27 41 3 9 22 20 
21 25 48 35 44 5 56 57 13 27 2 55 50 6 4 24 10 40 6 22 36 30 9 1 17 58 37 52 10 12 54 13 49 29 17 11 58 1 38 44 30 58 4 39 57 33 8 18 8 44 41 53 25 1 31 1 16 3 40 53 
38 20 26 47 48 18 3 12 15 2 58 49 13 55 8 22 8 57 1 56 2 49 1 54 38 32 29 2 21 27 31 33 27 35 49 29 42 45 21 49 4 55 53 31 32 36 45 33 48 50 36 13 58 20 7 30 14 44 45 37 
29 50 14 29 16 16 7 11 0 13 3 15 34 28 48 23 6 0 44 12 16 30 24 7 41 38 28 58 57 35 8 42 27 14 16 30 37 16 21 40 33 51 51 4 57 3 19 26 58 40 13 24 28 1 31 42 23 50 45 41 
22 56 45 44 4 43 36 49 42 14 22 50 10 36 39 14 30 37 54 10 27 30 49 22 17 41 31 2 41 14 29 9 23 34 39 16 30 0 38 31 42 37 7 37 12 28 56 33 32 4 29 12 13 2 54 46 3 50 1 19 

NORMAL_DISTRIBUTION 0 100
Size = 30
53 50 55 46 43 71 84 95 29 63 65 50 41 53 53 37 50 57 -6 51 46 52 34 63 30 45 74 22 30 56 
34 52 48 27 61 23 59 80 36 66 41 65 32 50 64 43 61 24 23 57 54 33 83 40 33 32 56 36 59 59 
38 41 34 63 48 53 52 45 54 53 72 53 33 51 21 45 53 60 55 25 10 60 46 37 42 35 62 42 54 56 
60 32 45 12 20 37 52 57 19 45 40 74 53 50 47 33 54 52 31 30 46 84 44 41 72 54 61 16 80 49 
25 46 41 43 45 67 48 31 54 37 18 56 81 66 31 43 0 56 61 74 49 29 54 67 51 69 61 59 9 69 

Size = 50
69 34 26 68 23 67 58 48 48 17 57 54 63 80 49 49 30 33 51 26 69 36 64 14 39 30 9 9 50 50 76 41 30 48 49 62 40 36 96 29 83 40 40 27 66 90 44 44 70 56 
74 38 10 66 48 71 94 51 59 47 43 41 58 79 57 7 76 69 74 93 48 40 31 43 54 65 63 73 70 40 38 85 77 62 27 44 78 19 26 47 64 57 49 60 32 65 67 50 73 70 
72 57 73 70 39 45 64 25 43 24 76 37 32 60 60 63 64 34 40 15 55 50 78 33 36 34 -3 53 52 15 21 74 86 63 52 49 59 51 45 19 33 45 35 31 59 44 41 74 40 26 
37 -6 35 41 26 17 74 68 33 42 52 54 66 64 33 18 77 45 83 82 21 86 72 47 55 53 45 36 80 34 72 21 42 43 30 73 39 45 65 -3 46 38 38 57 57 56 33 42 48 24 
72 17 32 55 46 43 46 15 39 32 48 48 20 48 59 53 35 65 55 46 65 38 46 46 79 45 65 64 44 71 50 72 65 26 38 40 18 53 39 71 40 48 36 35 61 71 57 51 39 102 

Size = 90
47 68 59 88 77 44 80 64 66 36 1 34 41 65 34 45 51 61 63 37 86 101 38 72 48 48 54 23 53 39 53 40 48 30 62 53 68 46 55 32 48 46 38 21 52 42 49 39 82 48 66 28 67 68 55 66 40 50 27 64 70 33 57 56 85 67 43 72 45 48 70 56 73 42 44 59 39 53 58 98 61 44 57 23 79 51 45 60 63 30 
56 52 51 48 54 49 77 43 33 72 65 47 62 48 18 76 33 30 63 82 41 36 54 71 44 48 75 39 28 72 80 64 63 64 47 60 72 96 68 54 53 23 58 94 74 68 59 48 51 56 59 96 66 57 45 83 28 19 41 50 52 60 51 36 55 35 37 43 0 26 -1 33 85 56 23 38 75 50 38 60 6 68 52 75 43 37 70 59 33 57 
48 35 56 59 38 68 98 77 96 9 31 105 32 79 65 27 59 38 61 34 37 67 26 90 36 40 60 80 72 22 57 70 9 62 37 50 69 37 67 31 48 52 77 31 55 32 26 61 56 88 36 47 46 20 109 45 53 48 61 56 69 44 55 27 58 56 63 79 47 50 63 49 38 50 69 78 55 82 23 66 54 70 42 52 80 37 55 59 46 53 
23 41 70 22 41 66 43 39 66 -1 38 45 -8 3 70 53 56 39 56 61 25 47 37 82 18 31 29 21 58 60 51 56 39 76 42 74 39 27 61 42 70 60 51 22 40 82 63 65 68 27 61 77 49 64 55 90 68 65 30 24 15 15 37 52 32 60 68 34 88 38 62 45 5 49 13 90 55 83 22 52 64 77 17 23 89 64 46 16 34 10 
32 26 57 25 35 51 49 69 69 88 76 63 48 83 75 26 31 67 7 71 62 8 70 76 29 42 56 35 62 26 43 70 80 56 57 48 34 47 37 88 31 66 56 77 61 52 86 22 69 77 34 60 66 44 80 71 67 69 64 37 83 52 63 68 34 54 27 53 37 57 45 50 2 42 74 60 38 45 64 94 23 32 41 36 60 44 29 55 56 13 

Size = 60
39 51 57 61 55 34 44 73 38 64 65 65 50 95 33 57 38 67 79 33 51 71 58 85 51 37 67 55 52 56 92 80 49 35 67 50 55 38 50 74 76 68 14 70 91 77 64 50 58 32 61 39 57 32 41 12 58 80 60 76 
13 61 69 -22 36 45 67 20 21 59 85 34 51 42 55 24 48 32 56 93 54 40 56 85 28 66 66 21 40 60 15 53 58 50 24 45 39 21 48 39 58 64 44 53 31 30 40 61 76 2 66 53 16 94 30 76 42 23 84 23 
21 51 92 19 78 61 63 54 68 50 51 52 58 79 64 57 36 18 52 71 43 26 78 39 49 43 46 50 44 63 42 54 46 58 56 52 34 51 54 34 75 92 93 38 54 77 50 62 38 28 42 77 48 63 54 57 37 37 56 60 
85 75 55 75 39 52 77 71 76 54 39 51 40 48 29 56 36 56 13 97 71 71 43 54 3 57 27 46 34 62 75 34 45 39 23 29 80 23 31 53 79 51 68 24 61 36 38 19 62 43 51 52 70 59 78 51 73 68 41 55 
38 23 61 26 27 41 33 81 57 49 57 63 -10 74 11 50 43 58 27 24 41 45 48 62 49 50 56 47 56 64 51 66 84 102 60 68 54 54 22 61 68 19 48 57 34 17 52 45 66 41 67 56 108 67 35 57 49 35 24 56 

